3,5,7,13,19
3,5,7,13,17
3,5,7,11,19
3,5,7,11,17
3,5,7,11,13
2,7,13,17,19
2,7,11,17,23
2,7,11,17,19
2,7,11,13,23
2,7,11,13,19
2,7,11,13,17
2,5,17,19,23
2,5,13,19,23
2,5,13,17,29
2,5,13,17,23
2,5,13,17,19
2,5,11,23,29
2,5,11,19,31
2,5,11,19,29
2,5,11,19,23
2,5,11,17,31
2,5,11,17,29
2,5,11,17,23
2,5,11,17,19
2,5,11,13,37
2,5,11,13,31
2,5,11,13,29
2,5,11,13,23
2,5,11,13,19
2,5,11,13,17
2,5,7,31,37
2,5,7,29,37
2,5,7,29,31
2,5,7,23,43
2,5,7,23,41
2,5,7,23,37
2,5,7,23,31
2,5,7,23,29
2,5,7,19,47
2,5,7,19,43
2,5,7,19,41
2,5,7,19,37
2,5,7,19,31
2,5,7,19,29
2,5,7,19,23
2,5,7,17,47
2,5,7,17,43
2,5,7,17,41
2,5,7,17,37
2,5,7,17,31
2,5,7,17,29
2,5,7,17,23
2,5,7,17,19
2,5,7,13,61
2,5,7,13,59
2,5,7,13,53
2,5,7,13,47
2,5,7,13,43
2,5,7,13,41
2,5,7,13,37
2,5,7,13,31
2,5,7,13,29
2,5,7,13,23
2,5,7,13,19
2,5,7,13,17
2,5,7,11,73
2,5,7,11,71
2,5,7,11,67
2,5,7,11,61
2,5,7,11,59
2,5,7,11,53
2,5,7,11,47
2,5,7,11,43
2,5,7,11,41
2,5,7,11,37
2,5,7,11,31
2,5,7,11,29
2,5,7,11,23
2,5,7,11,19
2,5,7,11,17
2,3,31,41,43
2,3,31,37,43
2,3,31,37,41
2,3,29,41,43
2,3,29,37,43
2,3,29,37,41
2,3,29,31,47
2,3,29,31,43
2,3,29,31,41
2,3,29,31,37
2,3,23,43,47
2,3,23,41,47
2,3,23,41,43
2,3,23,37,47
2,3,23,37,43
2,3,23,37,41
2,3,23,31,53
2,3,23,31,47
2,3,23,31,43
2,3,23,31,41
2,3,23,31,37
2,3,23,29,53
2,3,23,29,47
2,3,23,29,43
2,3,23,29,41
2,3,23,29,37
2,3,23,29,31
2,3,19,47,53
2,3,19,43,53
2,3,19,43,47
2,3,19,41,53
2,3,19,41,47
2,3,19,41,43
2,3,19,37,53
2,3,19,37,47
2,3,19,37,43
2,3,19,37,41
2,3,19,31,59
2,3,19,31,53
2,3,19,31,47
2,3,19,31,43
2,3,19,31,41
2,3,19,31,37
2,3,19,29,61
2,3,19,29,59
2,3,19,29,53
2,3,19,29,47
2,3,19,29,43
2,3,19,29,41
2,3,19,29,37
2,3,19,29,31
2,3,19,23,67
2,3,19,23,61
2,3,19,23,59
2,3,19,23,53
2,3,19,23,47
2,3,19,23,43
2,3,19,23,41
2,3,19,23,37
2,3,19,23,31
2,3,19,23,29
2,3,17,47,53
2,3,17,43,53
2,3,17,43,47
2,3,17,41,59
2,3,17,41,53
2,3,17,41,47
2,3,17,41,43
2,3,17,37,61
2,3,17,37,59
2,3,17,37,53
2,3,17,37,47
2,3,17,37,43
2,3,17,37,41
2,3,17,31,61
2,3,17,31,59
2,3,17,31,53
2,3,17,31,47
2,3,17,31,43
2,3,17,31,41
2,3,17,31,37
2,3,17,29,67
2,3,17,29,61
2,3,17,29,59
2,3,17,29,53
2,3,17,29,47
2,3,17,29,43
2,3,17,29,41
2,3,17,29,37
2,3,17,29,31
2,3,17,23,73
2,3,17,23,71
2,3,17,23,67
2,3,17,23,61
2,3,17,23,59
2,3,17,23,53
2,3,17,23,47
2,3,17,23,43
2,3,17,23,41
2,3,17,23,37
2,3,17,23,31
2,3,17,23,29
2,3,17,19,89
2,3,17,19,83
2,3,17,19,79
2,3,17,19,73
2,3,17,19,71
2,3,17,19,67
2,3,17,19,61
2,3,17,19,59
2,3,17,19,53
2,3,17,19,47
2,3,17,19,43
2,3,17,19,41
2,3,17,19,37
2,3,17,19,31
2,3,17,19,29
2,3,17,19,23
2,3,13,61,67
2,3,13,59,67
2,3,13,59,61
2,3,13,53,67
2,3,13,53,61
2,3,13,53,59
2,3,13,47,71
2,3,13,47,67
2,3,13,47,61
2,3,13,47,59
2,3,13,47,53
2,3,13,43,73
2,3,13,43,71
2,3,13,43,67
2,3,13,43,61
2,3,13,43,59
2,3,13,43,53
2,3,13,43,47
2,3,13,41,73
2,3,13,41,71
2,3,13,41,67
2,3,13,41,61
2,3,13,41,59
2,3,13,41,53
2,3,13,41,47
2,3,13,41,43
2,3,13,37,73
2,3,13,37,71
2,3,13,37,67
2,3,13,37,61
2,3,13,37,59
2,3,13,37,53
2,3,13,37,47
2,3,13,37,43
2,3,13,37,41
2,3,13,31,83
2,3,13,31,79
2,3,13,31,73
2,3,13,31,71
2,3,13,31,67
2,3,13,31,61
2,3,13,31,59
2,3,13,31,53
2,3,13,31,47
2,3,13,31,43
2,3,13,31,41
2,3,13,31,37
2,3,13,29,89
2,3,13,29,83
2,3,13,29,79
2,3,13,29,73
2,3,13,29,71
2,3,13,29,67
2,3,13,29,61
2,3,13,29,59
2,3,13,29,53
2,3,13,29,47
2,3,13,29,43
2,3,13,29,41
2,3,13,29,37
2,3,13,29,31
2,3,13,23,107
2,3,13,23,103
2,3,13,23,101
2,3,13,23,97
2,3,13,23,89
2,3,13,23,83
2,3,13,23,79
2,3,13,23,73
2,3,13,23,71
2,3,13,23,67
2,3,13,23,61
2,3,13,23,59
2,3,13,23,53
2,3,13,23,47
2,3,13,23,43
2,3,13,23,41
2,3,13,23,37
2,3,13,23,31
2,3,13,23,29
2,3,13,19,131
2,3,13,19,127
2,3,13,19,113
2,3,13,19,109
2,3,13,19,107
2,3,13,19,103
2,3,13,19,101
2,3,13,19,97
2,3,13,19,89
2,3,13,19,83
2,3,13,19,79
2,3,13,19,73
2,3,13,19,71
2,3,13,19,67
2,3,13,19,61
2,3,13,19,59
2,3,13,19,53
2,3,13,19,47
2,3,13,19,43
2,3,13,19,41
2,3,13,19,37
2,3,13,19,31
2,3,13,19,29
2,3,13,17,157
2,3,13,17,151
2,3,13,17,149
2,3,13,17,139
2,3,13,17,137
2,3,13,17,131
2,3,13,17,127
2,3,13,17,113
2,3,13,17,109
2,3,13,17,107
2,3,13,17,103
2,3,13,17,101
2,3,13,17,97
2,3,13,17,89
2,3,13,17,83
2,3,13,17,79
2,3,13,17,73
2,3,13,17,71
2,3,13,17,67
2,3,13,17,61
2,3,13,17,59
2,3,13,17,53
2,3,13,17,47
2,3,13,17,43
2,3,13,17,41
2,3,13,17,37
2,3,11,73,79
2,3,11,71,79
2,3,11,71,73
2,3,11,67,79
2,3,11,67,73
2,3,11,67,71
2,3,11,61,83
2,3,11,61,79
2,3,11,61,73
2,3,11,61,71
2,3,11,61,67
2,3,11,59,83
2,3,11,59,79
2,3,11,59,73
2,3,11,59,71
2,3,11,59,67
2,3,11,59,61
2,3,11,53,83
2,3,11,53,79
2,3,11,53,73
2,3,11,53,71
2,3,11,53,67
2,3,11,53,61
2,3,11,53,59
2,3,11,47,89
2,3,11,47,83
2,3,11,47,79
2,3,11,47,73
2,3,11,47,71
2,3,11,47,67
2,3,11,47,61
2,3,11,47,59
2,3,11,47,53
2,3,11,43,89
2,3,11,43,83
2,3,11,43,79
2,3,11,43,73
2,3,11,43,71
2,3,11,43,67
2,3,11,43,61
2,3,11,43,59
2,3,11,43,53
2,3,11,43,47
2,3,11,41,89
2,3,11,41,83
2,3,11,41,79
2,3,11,41,73
2,3,11,41,71
2,3,11,41,67
2,3,11,41,61
2,3,11,41,59
2,3,11,41,53
2,3,11,41,47
2,3,11,41,43
2,3,11,37,101
2,3,11,37,97
2,3,11,37,89
2,3,11,37,83
2,3,11,37,79
2,3,11,37,73
2,3,11,37,71
2,3,11,37,67
2,3,11,37,61
2,3,11,37,59
2,3,11,37,53
2,3,11,37,47
2,3,11,37,43
2,3,11,37,41
2,3,11,31,113
2,3,11,31,109
2,3,11,31,107
2,3,11,31,103
2,3,11,31,101
2,3,11,31,97
2,3,11,31,89
2,3,11,31,83
2,3,11,31,79
2,3,11,31,73
2,3,11,31,71
2,3,11,31,67
2,3,11,31,61
2,3,11,31,59
2,3,11,31,53
2,3,11,31,47
2,3,11,31,43
2,3,11,31,41
2,3,11,31,37
2,3,11,29,113
2,3,11,29,109
2,3,11,29,107
2,3,11,29,103
2,3,11,29,101
2,3,11,29,97
2,3,11,29,89
2,3,11,29,83
2,3,11,29,79
2,3,11,29,73
2,3,11,29,71
2,3,11,29,67
2,3,11,29,61
2,3,11,29,59
2,3,11,29,53
2,3,11,29,47
2,3,11,29,43
2,3,11,29,41
2,3,11,29,37
2,3,11,29,31
2,3,11,23,151
2,3,11,23,149
2,3,11,23,139
2,3,11,23,137
2,3,11,23,131
2,3,11,23,127
2,3,11,23,113
2,3,11,23,109
2,3,11,23,107
2,3,11,23,103
2,3,11,23,101
2,3,11,23,97
2,3,11,23,89
2,3,11,23,83
2,3,11,23,79
2,3,11,23,73
2,3,11,23,71
2,3,11,23,67
2,3,11,23,61
2,3,11,23,59
2,3,11,23,53
2,3,11,23,47
2,3,11,23,43
2,3,11,23,41
2,3,11,23,37
2,3,11,23,31
2,3,11,19,211
2,3,11,19,199
2,3,11,19,197
2,3,11,19,193
2,3,11,19,191
2,3,11,19,181
2,3,11,19,179
2,3,11,19,173
2,3,11,19,167
2,3,11,19,163
2,3,11,19,157
2,3,11,19,151
2,3,11,19,149
2,3,11,19,139
2,3,11,19,137
2,3,11,19,131
2,3,11,19,127
2,3,11,19,113
2,3,11,19,109
2,3,11,19,107
2,3,11,19,103
2,3,11,19,101
2,3,11,19,97
2,3,11,19,89
2,3,11,19,83
2,3,11,19,79
2,3,11,19,73
2,3,11,19,71
2,3,11,19,67
2,3,11,19,61
2,3,11,19,59
2,3,11,19,53
2,3,11,19,47
2,3,11,17,293
2,3,11,17,283
2,3,11,17,281
2,3,11,17,277
2,3,11,17,271
2,3,11,17,269
2,3,11,17,263
2,3,11,17,257
2,3,11,17,251
2,3,11,17,241
2,3,11,17,239
2,3,11,17,233
2,3,11,17,229
2,3,11,17,227
2,3,11,17,223
2,3,11,17,211
2,3,11,17,199
2,3,11,17,197
2,3,11,17,193
2,3,11,17,191
2,3,11,17,181
2,3,11,17,179
2,3,11,17,173
2,3,11,17,167
2,3,11,17,163
2,3,11,17,157
2,3,11,17,151
2,3,11,17,149
2,3,11,17,139
2,3,11,17,137
2,3,11,17,131
2,3,11,17,127
2,3,11,17,113
2,3,11,17,109
2,3,11,17,107
2,3,11,17,103
2,3,11,17,101
2,3,11,17,97
2,3,11,17,89
2,3,11,17,83
2,3,11,17,79
2,3,11,17,73
2,3,11,17,71
2,3,11,17,67
2,3,11,17,61
2,3,7,241,251
2,3,7,239,251
2,3,7,239,241
2,3,7,233,251
2,3,7,233,241
2,3,7,233,239
2,3,7,229,251
2,3,7,229,241
2,3,7,229,239
2,3,7,229,233
2,3,7,227,251
2,3,7,227,241
2,3,7,227,239
2,3,7,227,233
2,3,7,227,229
2,3,7,223,257
2,3,7,223,251
2,3,7,223,241
2,3,7,223,239
2,3,7,223,233
2,3,7,223,229
2,3,7,223,227
2,3,7,211,257
2,3,7,211,251
2,3,7,211,241
2,3,7,211,239
2,3,7,211,233
2,3,7,211,229
2,3,7,211,227
2,3,7,211,223
2,3,7,199,263
2,3,7,199,257
2,3,7,199,251
2,3,7,199,241
2,3,7,199,239
2,3,7,199,233
2,3,7,199,229
2,3,7,199,227
2,3,7,199,223
2,3,7,199,211
2,3,7,197,263
2,3,7,197,257
2,3,7,197,251
2,3,7,197,241
2,3,7,197,239
2,3,7,197,233
2,3,7,197,229
2,3,7,197,227
2,3,7,197,223
2,3,7,197,211
2,3,7,197,199
2,3,7,193,263
2,3,7,193,257
2,3,7,193,251
2,3,7,193,241
2,3,7,193,239
2,3,7,193,233
2,3,7,193,229
2,3,7,193,227
2,3,7,193,223
2,3,7,193,211
2,3,7,193,199
2,3,7,193,197
2,3,7,191,263
2,3,7,191,257
2,3,7,191,251
2,3,7,191,241
2,3,7,191,239
2,3,7,191,233
2,3,7,191,229
2,3,7,191,227
2,3,7,191,223
2,3,7,191,211
2,3,7,191,199
2,3,7,191,197
2,3,7,191,193
2,3,7,181,271
2,3,7,181,269
2,3,7,181,263
2,3,7,181,257
2,3,7,181,251
2,3,7,181,241
2,3,7,181,239
2,3,7,181,233
2,3,7,181,229
2,3,7,181,227
2,3,7,181,223
2,3,7,181,211
2,3,7,181,199
2,3,7,181,197
2,3,7,181,193
2,3,7,181,191
2,3,7,179,271
2,3,7,179,269
2,3,7,179,263
2,3,7,179,257
2,3,7,179,251
2,3,7,179,241
2,3,7,179,239
2,3,7,179,233
2,3,7,179,229
2,3,7,179,227
2,3,7,179,223
2,3,7,179,211
2,3,7,179,199
2,3,7,179,197
2,3,7,179,193
2,3,7,179,191
2,3,7,179,181
2,3,7,173,271
2,3,7,173,269
2,3,7,173,263
2,3,7,173,257
2,3,7,173,251
2,3,7,173,241
2,3,7,173,239
2,3,7,173,233
2,3,7,173,229
2,3,7,173,227
2,3,7,173,223
2,3,7,173,211
2,3,7,173,199
2,3,7,173,197
2,3,7,173,193
2,3,7,173,191
2,3,7,173,181
2,3,7,173,179
2,3,7,167,277
2,3,7,167,271
2,3,7,167,269
2,3,7,167,263
2,3,7,167,257
2,3,7,167,251
2,3,7,167,241
2,3,7,167,239
2,3,7,167,233
2,3,7,167,229
2,3,7,167,227
2,3,7,167,223
2,3,7,167,211
2,3,7,167,199
2,3,7,167,197
2,3,7,167,193
2,3,7,167,191
2,3,7,167,181
2,3,7,167,179
2,3,7,167,173
2,3,7,163,281
2,3,7,163,277
2,3,7,163,271
2,3,7,163,269
2,3,7,163,263
2,3,7,163,257
2,3,7,163,251
2,3,7,163,241
2,3,7,163,239
2,3,7,163,233
2,3,7,163,229
2,3,7,163,227
2,3,7,163,223
2,3,7,163,211
2,3,7,163,199
2,3,7,163,197
2,3,7,163,193
2,3,7,163,191
2,3,7,163,181
2,3,7,163,179
2,3,7,163,173
2,3,7,163,167
2,3,7,157,283
2,3,7,157,281
2,3,7,157,277
2,3,7,157,271
2,3,7,157,269
2,3,7,157,263
2,3,7,157,257
2,3,7,157,251
2,3,7,157,241
2,3,7,157,239
2,3,7,157,233
2,3,7,157,229
2,3,7,157,227
2,3,7,157,223
2,3,7,157,211
2,3,7,157,199
2,3,7,157,197
2,3,7,157,193
2,3,7,157,191
2,3,7,157,181
2,3,7,157,179
2,3,7,157,173
2,3,7,157,167
2,3,7,157,163
2,3,7,151,283
2,3,7,151,281
2,3,7,151,277
2,3,7,151,271
2,3,7,151,269
2,3,7,151,263
2,3,7,151,257
2,3,7,151,251
2,3,7,151,241
2,3,7,151,239
2,3,7,151,233
2,3,7,151,229
2,3,7,151,227
2,3,7,151,223
2,3,7,151,211
2,3,7,151,199
2,3,7,151,197
2,3,7,151,193
2,3,7,151,191
2,3,7,151,181
2,3,7,151,179
2,3,7,151,173
2,3,7,151,167
2,3,7,151,163
2,3,7,151,157
2,3,7,149,283
2,3,7,149,281
2,3,7,149,277
2,3,7,149,271
2,3,7,149,269
2,3,7,149,263
2,3,7,149,257
2,3,7,149,251
2,3,7,149,241
2,3,7,149,239
2,3,7,149,233
2,3,7,149,229
2,3,7,149,227
2,3,7,149,223
2,3,7,149,211
2,3,7,149,199
2,3,7,149,197
2,3,7,149,193
2,3,7,149,191
2,3,7,149,181
2,3,7,149,179
2,3,7,149,173
2,3,7,149,167
2,3,7,149,163
2,3,7,149,157
2,3,7,149,151
2,3,7,139,293
2,3,7,139,283
2,3,7,139,281
2,3,7,139,277
2,3,7,139,271
2,3,7,139,269
2,3,7,139,263
2,3,7,139,257
2,3,7,139,251
2,3,7,139,241
2,3,7,139,239
2,3,7,139,233
2,3,7,139,229
2,3,7,139,227
2,3,7,139,223
2,3,7,139,211
2,3,7,139,199
2,3,7,139,197
2,3,7,139,193
2,3,7,139,191
2,3,7,139,181
2,3,7,139,179
2,3,7,139,173
2,3,7,139,167
2,3,7,139,163
2,3,7,139,157
2,3,7,139,151
2,3,7,139,149
2,3,7,137,293
2,3,7,137,283
2,3,7,137,281
2,3,7,137,277
2,3,7,137,271
2,3,7,137,269
2,3,7,137,263
2,3,7,137,257
2,3,7,137,251
2,3,7,137,241
2,3,7,137,239
2,3,7,137,233
2,3,7,137,229
2,3,7,137,227
2,3,7,137,223
2,3,7,137,211
2,3,7,137,199
2,3,7,137,197
2,3,7,137,193
2,3,7,137,191
2,3,7,137,181
2,3,7,137,179
2,3,7,137,173
2,3,7,137,167
2,3,7,137,163
2,3,7,137,157
2,3,7,137,151
2,3,7,137,149
2,3,7,137,139
2,3,7,131,307
2,3,7,131,293
2,3,7,131,283
2,3,7,131,281
2,3,7,131,277
2,3,7,131,271
2,3,7,131,269
2,3,7,131,263
2,3,7,131,257
2,3,7,131,251
2,3,7,131,241
2,3,7,131,239
2,3,7,131,233
2,3,7,131,229
2,3,7,131,227
2,3,7,131,223
2,3,7,131,211
2,3,7,131,199
2,3,7,131,197
2,3,7,131,193
2,3,7,131,191
2,3,7,131,181
2,3,7,131,179
2,3,7,131,173
2,3,7,131,167
2,3,7,131,163
2,3,7,131,157
2,3,7,131,151
2,3,7,131,149
2,3,7,131,139
2,3,7,131,137
2,3,7,127,311
2,3,7,127,307
2,3,7,127,293
2,3,7,127,283
2,3,7,127,281
2,3,7,127,277
2,3,7,127,271
2,3,7,127,269
2,3,7,127,263
2,3,7,127,257
2,3,7,127,251
2,3,7,127,241
2,3,7,127,239
2,3,7,127,233
2,3,7,127,229
2,3,7,127,227
2,3,7,127,223
2,3,7,127,211
2,3,7,127,199
2,3,7,127,197
2,3,7,127,193
2,3,7,127,191
2,3,7,127,181
2,3,7,127,179
2,3,7,127,173
2,3,7,127,167
2,3,7,127,163
2,3,7,127,157
2,3,7,127,151
2,3,7,127,149
2,3,7,127,139
2,3,7,127,137
2,3,7,127,131
2,3,7,113,331
2,3,7,113,317
2,3,7,113,313
2,3,7,113,311
2,3,7,113,307
2,3,7,113,293
2,3,7,113,283
2,3,7,113,281
2,3,7,113,277
2,3,7,113,271
2,3,7,113,269
2,3,7,113,263
2,3,7,113,257
2,3,7,113,251
2,3,7,113,241
2,3,7,113,239
2,3,7,113,233
2,3,7,113,229
2,3,7,113,227
2,3,7,113,223
2,3,7,113,211
2,3,7,113,199
2,3,7,113,197
2,3,7,113,193
2,3,7,113,191
2,3,7,113,181
2,3,7,113,179
2,3,7,113,173
2,3,7,113,167
2,3,7,113,163
2,3,7,113,157
2,3,7,113,151
2,3,7,113,149
2,3,7,113,139
2,3,7,113,137
2,3,7,113,131
2,3,7,113,127
2,3,7,109,337
2,3,7,109,331
2,3,7,109,317
2,3,7,109,313
2,3,7,109,311
2,3,7,109,307
2,3,7,109,293
2,3,7,109,283
2,3,7,109,281
2,3,7,109,277
2,3,7,109,271
2,3,7,109,269
2,3,7,109,263
2,3,7,109,257
2,3,7,109,251
2,3,7,109,241
2,3,7,109,239
2,3,7,109,233
2,3,7,109,229
2,3,7,109,227
2,3,7,109,223
2,3,7,109,211
2,3,7,109,199
2,3,7,109,197
2,3,7,109,193
2,3,7,109,191
2,3,7,109,181
2,3,7,109,179
2,3,7,109,173
2,3,7,109,167
2,3,7,109,163
2,3,7,109,157
2,3,7,109,151
2,3,7,109,149
2,3,7,109,139
2,3,7,109,137
2,3,7,109,131
2,3,7,109,127
2,3,7,109,113
2,3,7,107,337
2,3,7,107,331
2,3,7,107,317
2,3,7,107,313
2,3,7,107,311
2,3,7,107,307
2,3,7,107,293
2,3,7,107,283
2,3,7,107,281
2,3,7,107,277
2,3,7,107,271
2,3,7,107,269
2,3,7,107,263
2,3,7,107,257
2,3,7,107,251
2,3,7,107,241
2,3,7,107,239
2,3,7,107,233
2,3,7,107,229
2,3,7,107,227
2,3,7,107,223
2,3,7,107,211
2,3,7,107,199
2,3,7,107,197
2,3,7,107,193
2,3,7,107,191
2,3,7,107,181
2,3,7,107,179
2,3,7,107,173
2,3,7,107,167
2,3,7,107,163
2,3,7,107,157
2,3,7,107,151
2,3,7,107,149
2,3,7,107,139
2,3,7,107,137
2,3,7,107,131
2,3,7,107,127
2,3,7,107,113
2,3,7,107,109
2,3,7,103,353
2,3,7,103,349
2,3,7,103,347
2,3,7,103,337
2,3,7,103,331
2,3,7,103,317
2,3,7,103,313
2,3,7,103,311
2,3,7,103,307
2,3,7,103,293
2,3,7,103,283
2,3,7,103,281
2,3,7,103,277
2,3,7,103,271
2,3,7,103,269
2,3,7,103,263
2,3,7,103,257
2,3,7,103,251
2,3,7,103,241
2,3,7,103,239
2,3,7,103,233
2,3,7,103,229
2,3,7,103,227
2,3,7,103,223
2,3,7,103,211
2,3,7,103,199
2,3,7,103,197
2,3,7,103,193
2,3,7,103,191
2,3,7,103,181
2,3,7,103,179
2,3,7,103,173
2,3,7,103,167
2,3,7,103,163
2,3,7,103,157
2,3,7,103,151
2,3,7,103,149
2,3,7,103,139
2,3,7,103,137
2,3,7,103,131
2,3,7,103,127
2,3,7,103,113
2,3,7,103,109
2,3,7,103,107
2,3,7,101,353
2,3,7,101,349
2,3,7,101,347
2,3,7,101,337
2,3,7,101,331
2,3,7,101,317
2,3,7,101,313
2,3,7,101,311
2,3,7,101,307
2,3,7,101,293
2,3,7,101,283
2,3,7,101,281
2,3,7,101,277
2,3,7,101,271
2,3,7,101,269
2,3,7,101,263
2,3,7,101,257
2,3,7,101,251
2,3,7,101,241
2,3,7,101,239
2,3,7,101,233
2,3,7,101,229
2,3,7,101,227
2,3,7,101,223
2,3,7,101,211
2,3,7,101,199
2,3,7,101,197
2,3,7,101,193
2,3,7,101,191
2,3,7,101,181
2,3,7,101,179
2,3,7,101,173
2,3,7,101,167
2,3,7,101,163
2,3,7,101,157
2,3,7,101,151
2,3,7,101,149
2,3,7,101,139
2,3,7,101,137
2,3,7,101,131
2,3,7,101,127
2,3,7,101,113
2,3,7,101,109
2,3,7,101,107
2,3,7,101,103
2,3,7,97,367
2,3,7,97,359
2,3,7,97,353
2,3,7,97,349
2,3,7,97,347
2,3,7,97,337
2,3,7,97,331
2,3,7,97,317
2,3,7,97,313
2,3,7,97,311
2,3,7,97,307
2,3,7,97,293
2,3,7,97,283
2,3,7,97,281
2,3,7,97,277
2,3,7,97,271
2,3,7,97,269
2,3,7,97,263
2,3,7,97,257
2,3,7,97,251
2,3,7,97,241
2,3,7,97,239
2,3,7,97,233
2,3,7,97,229
2,3,7,97,227
2,3,7,97,223
2,3,7,97,211
2,3,7,97,199
2,3,7,97,197
2,3,7,97,193
2,3,7,97,191
2,3,7,97,181
2,3,7,97,179
2,3,7,97,173
2,3,7,97,167
2,3,7,97,163
2,3,7,97,157
2,3,7,97,151
2,3,7,97,149
2,3,7,97,139
2,3,7,97,137
2,3,7,97,131
2,3,7,97,127
2,3,7,97,113
2,3,7,97,109
2,3,7,97,107
2,3,7,97,103
2,3,7,97,101
2,3,7,89,389
2,3,7,89,383
2,3,7,89,379
2,3,7,89,373
2,3,7,89,367
2,3,7,89,359
2,3,7,89,353
2,3,7,89,349
2,3,7,89,347
2,3,7,89,337
2,3,7,89,331
2,3,7,89,317
2,3,7,89,313
2,3,7,89,311
2,3,7,89,307
2,3,7,89,293
2,3,7,89,283
2,3,7,89,281
2,3,7,89,277
2,3,7,89,271
2,3,7,89,269
2,3,7,89,263
2,3,7,89,257
2,3,7,89,251
2,3,7,89,241
2,3,7,89,239
2,3,7,89,233
2,3,7,89,229
2,3,7,89,227
2,3,7,89,223
2,3,7,89,211
2,3,7,89,199
2,3,7,89,197
2,3,7,89,193
2,3,7,89,191
2,3,7,89,181
2,3,7,89,179
2,3,7,89,173
2,3,7,89,167
2,3,7,89,163
2,3,7,89,157
2,3,7,89,151
2,3,7,89,149
2,3,7,89,139
2,3,7,89,137
2,3,7,89,131
2,3,7,89,127
2,3,7,89,113
2,3,7,89,109
2,3,7,89,107
2,3,7,89,103
2,3,7,89,101
2,3,7,89,97
2,3,7,83,421
2,3,7,83,419
2,3,7,83,409
2,3,7,83,401
2,3,7,83,397
2,3,7,83,389
2,3,7,83,383
2,3,7,83,379
2,3,7,83,373
2,3,7,83,367
2,3,7,83,359
2,3,7,83,353
2,3,7,83,349
2,3,7,83,347
2,3,7,83,337
2,3,7,83,331
2,3,7,83,317
2,3,7,83,313
2,3,7,83,311
2,3,7,83,307
2,3,7,83,293
2,3,7,83,283
2,3,7,83,281
2,3,7,83,277
2,3,7,83,271
2,3,7,83,269
2,3,7,83,263
2,3,7,83,257
2,3,7,83,251
2,3,7,83,241
2,3,7,83,239
2,3,7,83,233
2,3,7,83,229
2,3,7,83,227
2,3,7,83,223
2,3,7,83,211
2,3,7,83,199
2,3,7,83,197
2,3,7,83,193
2,3,7,83,191
2,3,7,83,181
2,3,7,83,179
2,3,7,83,173
2,3,7,83,167
2,3,7,83,163
2,3,7,83,157
2,3,7,83,151
2,3,7,83,149
2,3,7,83,139
2,3,7,83,137
2,3,7,83,131
2,3,7,83,127
2,3,7,83,113
2,3,7,83,109
2,3,7,83,107
2,3,7,83,103
2,3,7,83,101
2,3,7,83,97
2,3,7,83,89
2,3,7,79,443
2,3,7,79,439
2,3,7,79,433
2,3,7,79,431
2,3,7,79,421
2,3,7,79,419
2,3,7,79,409
2,3,7,79,401
2,3,7,79,397
2,3,7,79,389
2,3,7,79,383
2,3,7,79,379
2,3,7,79,373
2,3,7,79,367
2,3,7,79,359
2,3,7,79,353
2,3,7,79,349
2,3,7,79,347
2,3,7,79,337
2,3,7,79,331
2,3,7,79,317
2,3,7,79,313
2,3,7,79,311
2,3,7,79,307
2,3,7,79,293
2,3,7,79,283
2,3,7,79,281
2,3,7,79,277
2,3,7,79,271
2,3,7,79,269
2,3,7,79,263
2,3,7,79,257
2,3,7,79,251
2,3,7,79,241
2,3,7,79,239
2,3,7,79,233
2,3,7,79,229
2,3,7,79,227
2,3,7,79,223
2,3,7,79,211
2,3,7,79,199
2,3,7,79,197
2,3,7,79,193
2,3,7,79,191
2,3,7,79,181
2,3,7,79,179
2,3,7,79,173
2,3,7,79,167
2,3,7,79,163
2,3,7,79,157
2,3,7,79,151
2,3,7,79,149
2,3,7,79,139
2,3,7,79,137
2,3,7,79,131
2,3,7,79,127
2,3,7,79,113
2,3,7,79,109
2,3,7,79,107
2,3,7,79,103
2,3,7,79,101
2,3,7,79,97
2,3,7,73,491
2,3,7,73,487
2,3,7,73,479
2,3,7,73,467
2,3,7,73,463
2,3,7,73,461
2,3,7,73,457
2,3,7,73,449
2,3,7,73,443
2,3,7,73,439
2,3,7,73,433
2,3,7,73,431
2,3,7,73,421
2,3,7,73,419
2,3,7,73,409
2,3,7,73,401
2,3,7,73,397
2,3,7,73,389
2,3,7,73,383
2,3,7,73,379
2,3,7,73,373
2,3,7,73,367
2,3,7,73,359
2,3,7,73,353
2,3,7,73,349
2,3,7,73,347
2,3,7,73,337
2,3,7,73,331
2,3,7,73,317
2,3,7,73,313
2,3,7,73,311
2,3,7,73,307
2,3,7,73,293
2,3,7,73,283
2,3,7,73,281
2,3,7,73,277
2,3,7,73,271
2,3,7,73,269
2,3,7,73,263
2,3,7,73,257
2,3,7,73,251
2,3,7,73,241
2,3,7,73,239
2,3,7,73,233
2,3,7,73,229
2,3,7,73,227
2,3,7,73,223
2,3,7,73,211
2,3,7,73,199
2,3,7,73,197
2,3,7,73,193
2,3,7,73,191
2,3,7,73,181
2,3,7,73,179
2,3,7,73,173
2,3,7,73,167
2,3,7,73,163
2,3,7,73,157
2,3,7,73,151
2,3,7,73,149
2,3,7,73,139
2,3,7,73,137
2,3,7,73,131
2,3,7,73,127
2,3,7,73,113
2,3,7,73,109
2,3,7,73,107
2,3,7,73,103
2,3,7,73,101
2,3,7,71,509
2,3,7,71,503
2,3,7,71,499
2,3,7,71,491
2,3,7,71,487
2,3,7,71,479
2,3,7,71,467
2,3,7,71,463
2,3,7,71,461
2,3,7,71,457
2,3,7,71,449
2,3,7,71,443
2,3,7,71,439
2,3,7,71,433
2,3,7,71,431
2,3,7,71,421
2,3,7,71,419
2,3,7,71,409
2,3,7,71,401
2,3,7,71,397
2,3,7,71,389
2,3,7,71,383
2,3,7,71,379
2,3,7,71,373
2,3,7,71,367
2,3,7,71,359
2,3,7,71,353
2,3,7,71,349
2,3,7,71,347
2,3,7,71,337
2,3,7,71,331
2,3,7,71,317
2,3,7,71,313
2,3,7,71,311
2,3,7,71,307
2,3,7,71,293
2,3,7,71,283
2,3,7,71,281
2,3,7,71,277
2,3,7,71,271
2,3,7,71,269
2,3,7,71,263
2,3,7,71,257
2,3,7,71,251
2,3,7,71,241
2,3,7,71,239
2,3,7,71,233
2,3,7,71,229
2,3,7,71,227
2,3,7,71,223
2,3,7,71,211
2,3,7,71,199
2,3,7,71,197
2,3,7,71,193
2,3,7,71,191
2,3,7,71,181
2,3,7,71,179
2,3,7,71,173
2,3,7,71,167
2,3,7,71,163
2,3,7,71,157
2,3,7,71,151
2,3,7,71,149
2,3,7,71,139
2,3,7,71,137
2,3,7,71,131
2,3,7,71,127
2,3,7,71,113
2,3,7,71,109
2,3,7,71,107
2,3,7,71,103
2,3,7,67,557
2,3,7,67,547
2,3,7,67,541
2,3,7,67,523
2,3,7,67,521
2,3,7,67,509
2,3,7,67,503
2,3,7,67,499
2,3,7,67,491
2,3,7,67,487
2,3,7,67,479
2,3,7,67,467
2,3,7,67,463
2,3,7,67,461
2,3,7,67,457
2,3,7,67,449
2,3,7,67,443
2,3,7,67,439
2,3,7,67,433
2,3,7,67,431
2,3,7,67,421
2,3,7,67,419
2,3,7,67,409
2,3,7,67,401
2,3,7,67,397
2,3,7,67,389
2,3,7,67,383
2,3,7,67,379
2,3,7,67,373
2,3,7,67,367
2,3,7,67,359
2,3,7,67,353
2,3,7,67,349
2,3,7,67,347
2,3,7,67,337
2,3,7,67,331
2,3,7,67,317
2,3,7,67,313
2,3,7,67,311
2,3,7,67,307
2,3,7,67,293
2,3,7,67,283
2,3,7,67,281
2,3,7,67,277
2,3,7,67,271
2,3,7,67,269
2,3,7,67,263
2,3,7,67,257
2,3,7,67,251
2,3,7,67,241
2,3,7,67,239
2,3,7,67,233
2,3,7,67,229
2,3,7,67,227
2,3,7,67,223
2,3,7,67,211
2,3,7,67,199
2,3,7,67,197
2,3,7,67,193
2,3,7,67,191
2,3,7,67,181
2,3,7,67,179
2,3,7,67,173
2,3,7,67,167
2,3,7,67,163
2,3,7,67,157
2,3,7,67,151
2,3,7,67,149
2,3,7,67,139
2,3,7,67,137
2,3,7,67,131
2,3,7,67,127
2,3,7,67,113
2,3,7,61,673
2,3,7,61,661
2,3,7,61,659
2,3,7,61,653
2,3,7,61,647
2,3,7,61,643
2,3,7,61,641
2,3,7,61,631
2,3,7,61,619
2,3,7,61,617
2,3,7,61,613
2,3,7,61,607
2,3,7,61,601
2,3,7,61,599
2,3,7,61,593
2,3,7,61,587
2,3,7,61,577
2,3,7,61,571
2,3,7,61,569
2,3,7,61,563
2,3,7,61,557
2,3,7,61,547
2,3,7,61,541
2,3,7,61,523
2,3,7,61,521
2,3,7,61,509
2,3,7,61,503
2,3,7,61,499
2,3,7,61,491
2,3,7,61,487
2,3,7,61,479
2,3,7,61,467
2,3,7,61,463
2,3,7,61,461
2,3,7,61,457
2,3,7,61,449
2,3,7,61,443
2,3,7,61,439
2,3,7,61,433
2,3,7,61,431
2,3,7,61,421
2,3,7,61,419
2,3,7,61,409
2,3,7,61,401
2,3,7,61,397
2,3,7,61,389
2,3,7,61,383
2,3,7,61,379
2,3,7,61,373
2,3,7,61,367
2,3,7,61,359
2,3,7,61,353
2,3,7,61,349
2,3,7,61,347
2,3,7,61,337
2,3,7,61,331
2,3,7,61,317
2,3,7,61,313
2,3,7,61,311
2,3,7,61,307
2,3,7,61,293
2,3,7,61,283
2,3,7,61,281
2,3,7,61,277
2,3,7,61,271
2,3,7,61,269
2,3,7,61,263
2,3,7,61,257
2,3,7,61,251
2,3,7,61,241
2,3,7,61,239
2,3,7,61,233
2,3,7,61,229
2,3,7,61,227
2,3,7,61,223
2,3,7,61,211
2,3,7,61,199
2,3,7,61,197
2,3,7,61,193
2,3,7,61,191
2,3,7,61,181
2,3,7,61,179
2,3,7,61,173
2,3,7,61,167
2,3,7,61,163
2,3,7,61,157
2,3,7,61,151
2,3,7,61,149
2,3,7,61,139
2,3,7,61,137
2,3,7,59,727
2,3,7,59,719
2,3,7,59,709
2,3,7,59,701
2,3,7,59,691
2,3,7,59,683
2,3,7,59,677
2,3,7,59,673
2,3,7,59,661
2,3,7,59,659
2,3,7,59,653
2,3,7,59,647
2,3,7,59,643
2,3,7,59,641
2,3,7,59,631
2,3,7,59,619
2,3,7,59,617
2,3,7,59,613
2,3,7,59,607
2,3,7,59,601
2,3,7,59,599
2,3,7,59,593
2,3,7,59,587
2,3,7,59,577
2,3,7,59,571
2,3,7,59,569
2,3,7,59,563
2,3,7,59,557
2,3,7,59,547
2,3,7,59,541
2,3,7,59,523
2,3,7,59,521
2,3,7,59,509
2,3,7,59,503
2,3,7,59,499
2,3,7,59,491
2,3,7,59,487
2,3,7,59,479
2,3,7,59,467
2,3,7,59,463
2,3,7,59,461
2,3,7,59,457
2,3,7,59,449
2,3,7,59,443
2,3,7,59,439
2,3,7,59,433
2,3,7,59,431
2,3,7,59,421
2,3,7,59,419
2,3,7,59,409
2,3,7,59,401
2,3,7,59,397
2,3,7,59,389
2,3,7,59,383
2,3,7,59,379
2,3,7,59,373
2,3,7,59,367
2,3,7,59,359
2,3,7,59,353
2,3,7,59,349
2,3,7,59,347
2,3,7,59,337
2,3,7,59,331
2,3,7,59,317
2,3,7,59,313
2,3,7,59,311
2,3,7,59,307
2,3,7,59,293
2,3,7,59,283
2,3,7,59,281
2,3,7,59,277
2,3,7,59,271
2,3,7,59,269
2,3,7,59,263
2,3,7,59,257
2,3,7,59,251
2,3,7,59,241
2,3,7,59,239
2,3,7,59,233
2,3,7,59,229
2,3,7,59,227
2,3,7,59,223
2,3,7,59,211
2,3,7,59,199
2,3,7,59,197
2,3,7,59,193
2,3,7,59,191
2,3,7,59,181
2,3,7,59,179
2,3,7,59,173
2,3,7,59,167
2,3,7,59,163
2,3,7,59,157
2,3,7,59,151
2,3,7,59,149
2,3,7,53,1009
2,3,7,53,997
2,3,7,53,991
2,3,7,53,983
2,3,7,53,977
2,3,7,53,971
2,3,7,53,967
2,3,7,53,953
2,3,7,53,947
2,3,7,53,941
2,3,7,53,937
2,3,7,53,929
2,3,7,53,919
2,3,7,53,911
2,3,7,53,907
2,3,7,53,887
2,3,7,53,883
2,3,7,53,881
2,3,7,53,877
2,3,7,53,863
2,3,7,53,859
2,3,7,53,857
2,3,7,53,853
2,3,7,53,839
2,3,7,53,829
2,3,7,53,827
2,3,7,53,823
2,3,7,53,821
2,3,7,53,811
2,3,7,53,809
2,3,7,53,797
2,3,7,53,787
2,3,7,53,773
2,3,7,53,769
2,3,7,53,761
2,3,7,53,757
2,3,7,53,751
2,3,7,53,743
2,3,7,53,739
2,3,7,53,733
2,3,7,53,727
2,3,7,53,719
2,3,7,53,709
2,3,7,53,701
2,3,7,53,691
2,3,7,53,683
2,3,7,53,677
2,3,7,53,673
2,3,7,53,661
2,3,7,53,659
2,3,7,53,653
2,3,7,53,647
2,3,7,53,643
2,3,7,53,641
2,3,7,53,631
2,3,7,53,619
2,3,7,53,617
2,3,7,53,613
2,3,7,53,607
2,3,7,53,601
2,3,7,53,599
2,3,7,53,593
2,3,7,53,587
2,3,7,53,577
2,3,7,53,571
2,3,7,53,569
2,3,7,53,563
2,3,7,53,557
2,3,7,53,547
2,3,7,53,541
2,3,7,53,523
2,3,7,53,521
2,3,7,53,509
2,3,7,53,503
2,3,7,53,499
2,3,7,53,491
2,3,7,53,487
2,3,7,53,479
2,3,7,53,467
2,3,7,53,463
2,3,7,53,461
2,3,7,53,457
2,3,7,53,449
2,3,7,53,443
2,3,7,53,439
2,3,7,53,433
2,3,7,53,431
2,3,7,53,421
2,3,7,53,419
2,3,7,53,409
2,3,7,53,401
2,3,7,53,397
2,3,7,53,389
2,3,7,53,383
2,3,7,53,379
2,3,7,53,373
2,3,7,53,367
2,3,7,53,359
2,3,7,53,353
2,3,7,53,349
2,3,7,53,347
2,3,7,53,337
2,3,7,53,331
2,3,7,53,317
2,3,7,53,313
2,3,7,53,311
2,3,7,53,307
2,3,7,53,293
2,3,7,53,283
2,3,7,53,281
2,3,7,53,277
2,3,7,53,271
2,3,7,53,269
2,3,7,53,263
2,3,7,53,257
2,3,7,53,251
2,3,7,53,241
2,3,7,53,239
2,3,7,53,233
2,3,7,53,229
2,3,7,53,227
2,3,7,53,223
2,3,7,53,211
2,3,7,47,1973
2,3,7,47,1951
2,3,7,47,1949
2,3,7,47,1933
2,3,7,47,1931
2,3,7,47,1913
2,3,7,47,1907
2,3,7,47,1901
2,3,7,47,1889
2,3,7,47,1879
2,3,7,47,1877
2,3,7,47,1873
2,3,7,47,1871
2,3,7,47,1867
2,3,7,47,1861
2,3,7,47,1847
2,3,7,47,1831
2,3,7,47,1823
2,3,7,47,1811
2,3,7,47,1801
2,3,7,47,1789
2,3,7,47,1787
2,3,7,47,1783
2,3,7,47,1777
2,3,7,47,1759
2,3,7,47,1753
2,3,7,47,1747
2,3,7,47,1741
2,3,7,47,1733
2,3,7,47,1723
2,3,7,47,1721
2,3,7,47,1709
2,3,7,47,1699
2,3,7,47,1697
2,3,7,47,1693
2,3,7,47,1669
2,3,7,47,1667
2,3,7,47,1663
2,3,7,47,1657
2,3,7,47,1637
2,3,7,47,1627
2,3,7,47,1621
2,3,7,47,1619
2,3,7,47,1613
2,3,7,47,1609
2,3,7,47,1607
2,3,7,47,1601
2,3,7,47,1597
2,3,7,47,1583
2,3,7,47,1579
2,3,7,47,1571
2,3,7,47,1567
2,3,7,47,1559
2,3,7,47,1553
2,3,7,47,1549
2,3,7,47,1543
2,3,7,47,1531
2,3,7,47,1523
2,3,7,47,1511
2,3,7,47,1499
2,3,7,47,1493
2,3,7,47,1489
2,3,7,47,1487
2,3,7,47,1483
2,3,7,47,1481
2,3,7,47,1471
2,3,7,47,1459
2,3,7,47,1453
2,3,7,47,1451
2,3,7,47,1447
2,3,7,47,1439
2,3,7,47,1433
2,3,7,47,1429
2,3,7,47,1427
2,3,7,47,1423
2,3,7,47,1409
2,3,7,47,1399
2,3,7,47,1381
2,3,7,47,1373
2,3,7,47,1367
2,3,7,47,1361
2,3,7,47,1327
2,3,7,47,1321
2,3,7,47,1319
2,3,7,47,1307
2,3,7,47,1303
2,3,7,47,1301
2,3,7,47,1297
2,3,7,47,1291
2,3,7,47,1289
2,3,7,47,1283
2,3,7,47,1279
2,3,7,47,1277
2,3,7,47,1259
2,3,7,47,1249
2,3,7,47,1237
2,3,7,47,1231
2,3,7,47,1229
2,3,7,47,1223
2,3,7,47,1217
2,3,7,47,1213
2,3,7,47,1201
2,3,7,47,1193
2,3,7,47,1187
2,3,7,47,1181
2,3,7,47,1171
2,3,7,47,1163
2,3,7,47,1153
2,3,7,47,1151
2,3,7,47,1129
2,3,7,47,1123
2,3,7,47,1117
2,3,7,47,1109
2,3,7,47,1103
2,3,7,47,1097
2,3,7,47,1093
2,3,7,47,1091
2,3,7,47,1087
2,3,7,47,1069
2,3,7,47,1063
2,3,7,47,1061
2,3,7,47,1051
2,3,7,47,1049
2,3,7,47,1039
2,3,7,47,1033
2,3,7,47,1031
2,3,7,47,1021
2,3,7,47,1019
2,3,7,47,1013
2,3,7,47,1009
2,3,7,47,997
2,3,7,47,991
2,3,7,47,983
2,3,7,47,977
2,3,7,47,971
2,3,7,47,967
2,3,7,47,953
2,3,7,47,947
2,3,7,47,941
2,3,7,47,937
2,3,7,47,929
2,3,7,47,919
2,3,7,47,911
2,3,7,47,907
2,3,7,47,887
2,3,7,47,883
2,3,7,47,881
2,3,7,47,877
2,3,7,47,863
2,3,7,47,859
2,3,7,47,857
2,3,7,47,853
2,3,7,47,839
2,3,7,47,829
2,3,7,47,827
2,3,7,47,823
2,3,7,47,821
2,3,7,47,811
2,3,7,47,809
2,3,7,47,797
2,3,7,47,787
2,3,7,47,773
2,3,7,47,769
2,3,7,47,761
2,3,7,47,757
2,3,7,47,751
2,3,7,47,743
2,3,7,47,739
2,3,7,47,733
2,3,7,47,727
2,3,7,47,719
2,3,7,47,709
2,3,7,47,701
2,3,7,47,691
2,3,7,47,683
2,3,7,47,677
2,3,7,47,673
2,3,7,47,661
2,3,7,47,659
2,3,7,47,653
2,3,7,47,647
2,3,7,47,643
2,3,7,47,641
2,3,7,47,631
2,3,7,47,619
2,3,7,47,617
2,3,7,47,613
2,3,7,47,607
2,3,7,47,601
2,3,7,47,599
2,3,7,47,593
2,3,7,47,587
2,3,7,47,577
2,3,7,47,571
2,3,7,47,569
2,3,7,47,563
2,3,7,47,557
2,3,7,47,547
2,3,7,47,541
2,3,7,47,523
2,3,7,47,521
2,3,7,47,509
2,3,7,47,503
2,3,7,47,499
2,3,7,47,491
2,3,7,47,487
2,3,7,47,479
2,3,7,47,467
2,3,7,47,463
2,3,7,47,461
2,3,7,47,457
2,3,7,47,449
2,3,7,47,443
2,3,7,47,439
2,3,7,47,433
2,3,7,47,431
2,3,7,47,421
2,3,7,47,419
2,3,7,47,409
2,3,7,47,401
2,3,7,47,397
2,3,7,43,9029
2,3,7,43,9013
2,3,7,43,9011
2,3,7,43,9007
2,3,7,43,9001
2,3,7,43,8999
2,3,7,43,8971
2,3,7,43,8969
2,3,7,43,8963
2,3,7,43,8951
2,3,7,43,8941
2,3,7,43,8933
2,3,7,43,8929
2,3,7,43,8923
2,3,7,43,8893
2,3,7,43,8887
2,3,7,43,8867
2,3,7,43,8863
2,3,7,43,8861
2,3,7,43,8849
2,3,7,43,8839
2,3,7,43,8837
2,3,7,43,8831
2,3,7,43,8821
2,3,7,43,8819
2,3,7,43,8807
2,3,7,43,8803
2,3,7,43,8783
2,3,7,43,8779
2,3,7,43,8761
2,3,7,43,8753
2,3,7,43,8747
2,3,7,43,8741
2,3,7,43,8737
2,3,7,43,8731
2,3,7,43,8719
2,3,7,43,8713
2,3,7,43,8707
2,3,7,43,8699
2,3,7,43,8693
2,3,7,43,8689
2,3,7,43,8681
2,3,7,43,8677
2,3,7,43,8669
2,3,7,43,8663
2,3,7,43,8647
2,3,7,43,8641
2,3,7,43,8629
2,3,7,43,8627
2,3,7,43,8623
2,3,7,43,8609
2,3,7,43,8599
2,3,7,43,8597
2,3,7,43,8581
2,3,7,43,8573
2,3,7,43,8563
2,3,7,43,8543
2,3,7,43,8539
2,3,7,43,8537
2,3,7,43,8527
2,3,7,43,8521
2,3,7,43,8513
2,3,7,43,8501
2,3,7,43,8467
2,3,7,43,8461
2,3,7,43,8447
2,3,7,43,8443
2,3,7,43,8431
2,3,7,43,8429
2,3,7,43,8423
2,3,7,43,8419
2,3,7,43,8389
2,3,7,43,8387
2,3,7,43,8377
2,3,7,43,8369
2,3,7,43,8363
2,3,7,43,8353
2,3,7,43,8329
2,3,7,43,8317
2,3,7,43,8311
2,3,7,43,8297
2,3,7,43,8293
2,3,7,43,8291
2,3,7,43,8287
2,3,7,43,8273
2,3,7,43,8269
2,3,7,43,8263
2,3,7,43,8243
2,3,7,43,8237
2,3,7,43,8233
2,3,7,43,8231
2,3,7,43,8221
2,3,7,43,8219
2,3,7,43,8209
2,3,7,43,8191
2,3,7,43,8179
2,3,7,43,8171
2,3,7,43,8167
2,3,7,43,8161
2,3,7,43,8147
2,3,7,43,8123
2,3,7,43,8117
2,3,7,43,8111
2,3,7,43,8101
2,3,7,43,8093
2,3,7,43,8089
2,3,7,43,8087
2,3,7,43,8081
2,3,7,43,8069
2,3,7,43,8059
2,3,7,43,8053
2,3,7,43,8039
2,3,7,43,8017
2,3,7,43,8011
2,3,7,43,8009
2,3,7,43,7993
2,3,7,43,7963
2,3,7,43,7951
2,3,7,43,7949
2,3,7,43,7937
2,3,7,43,7933
2,3,7,43,7927
2,3,7,43,7919
2,3,7,43,7907
2,3,7,43,7901
2,3,7,43,7883
2,3,7,43,7879
2,3,7,43,7877
2,3,7,43,7873
2,3,7,43,7867
2,3,7,43,7853
2,3,7,43,7841
2,3,7,43,7829
2,3,7,43,7823
2,3,7,43,7817
2,3,7,43,7793
2,3,7,43,7789
2,3,7,43,7759
2,3,7,43,7757
2,3,7,43,7753
2,3,7,43,7741
2,3,7,43,7727
2,3,7,43,7723
2,3,7,43,7717
2,3,7,43,7703
2,3,7,43,7699
2,3,7,43,7691
2,3,7,43,7687
2,3,7,43,7681
2,3,7,43,7673
2,3,7,43,7669
2,3,7,43,7649
2,3,7,43,7643
2,3,7,43,7639
2,3,7,43,7621
2,3,7,43,7607
2,3,7,43,7603
2,3,7,43,7591
2,3,7,43,7589
2,3,7,43,7583
2,3,7,43,7577
2,3,7,43,7573
2,3,7,43,7561
2,3,7,43,7559
2,3,7,43,7549
2,3,7,43,7547
2,3,7,43,7541
2,3,7,43,7537
2,3,7,43,7529
2,3,7,43,7523
2,3,7,43,7517
2,3,7,43,7507
2,3,7,43,7499
2,3,7,43,7489
2,3,7,43,7487
2,3,7,43,7481
2,3,7,43,7477
2,3,7,43,7459
2,3,7,43,7457
2,3,7,43,7451
2,3,7,43,7433
2,3,7,43,7417
2,3,7,43,7411
2,3,7,43,7393
2,3,7,43,7369
2,3,7,43,7351
2,3,7,43,7349
2,3,7,43,7333
2,3,7,43,7331
2,3,7,43,7321
2,3,7,43,7309
2,3,7,43,7307
2,3,7,43,7297
2,3,7,43,7283
2,3,7,43,7253
2,3,7,43,7247
2,3,7,43,7243
2,3,7,43,7237
2,3,7,43,7229
2,3,7,43,7219
2,3,7,43,7213
2,3,7,43,7211
2,3,7,43,7207
2,3,7,43,7193
2,3,7,43,7187
2,3,7,43,7177
2,3,7,43,7159
2,3,7,43,7151
2,3,7,43,7129
2,3,7,43,7127
2,3,7,43,7121
2,3,7,43,7109
2,3,7,43,7103
2,3,7,43,7079
2,3,7,43,7069
2,3,7,43,7057
2,3,7,43,7043
2,3,7,43,7039
2,3,7,43,7027
2,3,7,43,7019
2,3,7,43,7013
2,3,7,43,7001
2,3,7,43,6997
2,3,7,43,6991
2,3,7,43,6983
2,3,7,43,6977
2,3,7,43,6971
2,3,7,43,6967
2,3,7,43,6961
2,3,7,43,6959
2,3,7,43,6949
2,3,7,43,6947
2,3,7,43,6917
2,3,7,43,6911
2,3,7,43,6907
2,3,7,43,6899
2,3,7,43,6883
2,3,7,43,6871
2,3,7,43,6869
2,3,7,43,6863
2,3,7,43,6857
2,3,7,43,6841
2,3,7,43,6833
2,3,7,43,6829
2,3,7,43,6827
2,3,7,43,6823
2,3,7,43,6803
2,3,7,43,6793
2,3,7,43,6791
2,3,7,43,6781
2,3,7,43,6779
2,3,7,43,6763
2,3,7,43,6761
2,3,7,43,6737
2,3,7,43,6733
2,3,7,43,6719
2,3,7,43,6709
2,3,7,43,6703
2,3,7,43,6701
2,3,7,43,6691
2,3,7,43,6689
2,3,7,43,6679
2,3,7,43,6673
2,3,7,43,6661
2,3,7,43,6659
2,3,7,43,6653
2,3,7,43,6637
2,3,7,43,6619
2,3,7,43,6607
2,3,7,43,6599
2,3,7,43,6581
2,3,7,43,6577
2,3,7,43,6571
2,3,7,43,6569
2,3,7,43,6563
2,3,7,43,6553
2,3,7,43,6551
2,3,7,43,6547
2,3,7,43,6529
2,3,7,43,6521
2,3,7,43,6491
2,3,7,43,6481
2,3,7,43,6473
2,3,7,43,6469
2,3,7,43,6451
2,3,7,43,6449
2,3,7,43,6427
2,3,7,43,6421
2,3,7,43,6397
2,3,7,43,6389
2,3,7,43,6379
2,3,7,43,6373
2,3,7,43,6367
2,3,7,43,6361
2,3,7,43,6359
2,3,7,43,6353
2,3,7,43,6343
2,3,7,43,6337
2,3,7,43,6329
2,3,7,43,6323
2,3,7,43,6317
2,3,7,43,6311
2,3,7,43,6301
2,3,7,43,6299
2,3,7,43,6287
2,3,7,43,6277
2,3,7,43,6271
2,3,7,43,6269
2,3,7,43,6263
2,3,7,43,6257
2,3,7,43,6247
2,3,7,43,6229
2,3,7,43,6221
2,3,7,43,6217
2,3,7,43,6211
2,3,7,43,6203
2,3,7,43,6199
2,3,7,43,6197
2,3,7,43,6173
2,3,7,43,6163
2,3,7,43,6151
2,3,7,43,6143
2,3,7,43,6133
2,3,7,43,6131
2,3,7,43,6121
2,3,7,43,6113
2,3,7,43,6101
2,3,7,43,6091
2,3,7,43,6089
2,3,7,43,6079
2,3,7,43,6073
2,3,7,43,6067
2,3,7,43,6053
2,3,7,43,6047
2,3,7,43,6043
2,3,7,43,6037
2,3,7,43,6029
2,3,7,43,6011
2,3,7,43,6007
2,3,7,43,5987
2,3,7,43,5981
2,3,7,43,5953
2,3,7,43,5939
2,3,7,43,5927
2,3,7,43,5923
2,3,7,43,5903
2,3,7,43,5897
2,3,7,43,5881
2,3,7,43,5879
2,3,7,43,5869
2,3,7,43,5867
2,3,7,43,5861
2,3,7,43,5857
2,3,7,43,5851
2,3,7,43,5849
2,3,7,43,5843
2,3,7,43,5839
2,3,7,43,5827
2,3,7,43,5821
2,3,7,43,5813
2,3,7,43,5807
2,3,7,43,5801
2,3,7,43,5791
2,3,7,43,5783
2,3,7,43,5779
2,3,7,43,5749
2,3,7,43,5743
2,3,7,43,5741
2,3,7,43,5737
2,3,7,43,5717
2,3,7,43,5711
2,3,7,43,5701
2,3,7,43,5693
2,3,7,43,5689
2,3,7,43,5683
2,3,7,43,5669
2,3,7,43,5659
2,3,7,43,5657
2,3,7,43,5653
2,3,7,43,5651
2,3,7,43,5647
2,3,7,43,5641
2,3,7,43,5639
2,3,7,43,5623
2,3,7,43,5591
2,3,7,43,5581
2,3,7,43,5573
2,3,7,43,5569
2,3,7,43,5563
2,3,7,43,5557
2,3,7,43,5531
2,3,7,43,5527
2,3,7,43,5521
2,3,7,43,5519
2,3,7,43,5507
2,3,7,43,5503
2,3,7,43,5501
2,3,7,43,5483
2,3,7,43,5479
2,3,7,43,5477
2,3,7,43,5471
2,3,7,43,5449
2,3,7,43,5443
2,3,7,43,5441
2,3,7,43,5437
2,3,7,43,5431
2,3,7,43,5419
2,3,7,43,5417
2,3,7,43,5413
2,3,7,43,5407
2,3,7,43,5399
2,3,7,43,5393
2,3,7,43,5387
2,3,7,43,5381
2,3,7,43,5351
2,3,7,43,5347
2,3,7,43,5333
2,3,7,43,5323
2,3,7,43,5309
2,3,7,43,5303
2,3,7,43,5297
2,3,7,43,5281
2,3,7,43,5279
2,3,7,43,5273
2,3,7,43,5261
2,3,7,43,5237
2,3,7,43,5233
2,3,7,43,5231
2,3,7,43,5227
2,3,7,43,5209
2,3,7,43,5197
2,3,7,43,5189
2,3,7,43,5179
2,3,7,43,5171
2,3,7,43,5167
2,3,7,43,5153
2,3,7,43,5147
2,3,7,43,5119
2,3,7,43,5113
2,3,7,43,5107
2,3,7,43,5101
2,3,7,43,5099
2,3,7,43,5087
2,3,7,43,5081
2,3,7,43,5077
2,3,7,43,5059
2,3,7,43,5051
2,3,7,43,5039
2,3,7,43,5023
2,3,7,43,5021
2,3,7,43,5011
2,3,7,43,5009
2,3,7,43,5003
2,3,7,43,4999
2,3,7,43,4993
2,3,7,43,4987
2,3,7,43,4973
2,3,7,43,4969
2,3,7,43,4967
2,3,7,43,4957
2,3,7,43,4951
2,3,7,43,4943
2,3,7,43,4937
2,3,7,43,4933
2,3,7,43,4931
2,3,7,43,4919
2,3,7,43,4909
2,3,7,43,4903
2,3,7,43,4889
2,3,7,43,4877
2,3,7,43,4871
2,3,7,43,4861
2,3,7,43,4831
2,3,7,43,4817
2,3,7,43,4813
2,3,7,43,4801
2,3,7,43,4799
2,3,7,43,4793
2,3,7,43,4789
2,3,7,43,4787
2,3,7,43,4783
2,3,7,43,4759
2,3,7,43,4751
2,3,7,43,4733
2,3,7,43,4729
2,3,7,43,4723
2,3,7,43,4721
2,3,7,43,4703
2,3,7,43,4691
2,3,7,43,4679
2,3,7,43,4673
2,3,7,43,4663
2,3,7,43,4657
2,3,7,43,4651
2,3,7,43,4649
2,3,7,43,4643
2,3,7,43,4639
2,3,7,43,4637
2,3,7,43,4621
2,3,7,43,4603
2,3,7,43,4597
2,3,7,43,4591
2,3,7,43,4583
2,3,7,43,4567
2,3,7,43,4561
2,3,7,43,4549
2,3,7,43,4547
2,3,7,43,4523
2,3,7,43,4519
2,3,7,43,4517
2,3,7,43,4513
2,3,7,43,4507
2,3,7,43,4493
2,3,7,43,4483
2,3,7,43,4481
2,3,7,43,4463
2,3,7,43,4457
2,3,7,43,4451
2,3,7,43,4447
2,3,7,43,4441
2,3,7,43,4423
2,3,7,43,4421
2,3,7,43,4409
2,3,7,43,4397
2,3,7,43,4391
2,3,7,43,4373
2,3,7,43,4363
2,3,7,43,4357
2,3,7,43,4349
2,3,7,43,4339
2,3,7,43,4337
2,3,7,43,4327
2,3,7,43,4297
2,3,7,43,4289
2,3,7,43,4283
2,3,7,43,4273
2,3,7,43,4271
2,3,7,43,4261
2,3,7,43,4259
2,3,7,43,4253
2,3,7,43,4243
2,3,7,43,4241
2,3,7,43,4231
2,3,7,43,4229
2,3,7,43,4219
2,3,7,43,4217
2,3,7,43,4211
2,3,7,43,4201
2,3,7,43,4177
2,3,7,43,4159
2,3,7,43,4157
2,3,7,43,4153
2,3,7,43,4139
2,3,7,43,4133
2,3,7,43,4129
2,3,7,43,4127
2,3,7,43,4111
2,3,7,43,4099
2,3,7,43,4093
2,3,7,43,4091
2,3,7,43,4079
2,3,7,43,4073
2,3,7,43,4057
2,3,7,43,4051
2,3,7,43,4049
2,3,7,43,4027
2,3,7,43,4021
2,3,7,43,4019
2,3,7,43,4013
2,3,7,43,4007
2,3,7,43,4003
2,3,7,43,4001
2,3,7,43,3989
2,3,7,43,3967
2,3,7,43,3947
2,3,7,43,3943
2,3,7,43,3931
2,3,7,43,3929
2,3,7,43,3923
2,3,7,43,3919
2,3,7,43,3917
2,3,7,43,3911
2,3,7,43,3907
2,3,7,43,3889
2,3,7,43,3881
2,3,7,43,3877
2,3,7,43,3863
2,3,7,43,3853
2,3,7,43,3851
2,3,7,43,3847
2,3,7,43,3833
2,3,7,43,3823
2,3,7,43,3821
2,3,7,43,3803
2,3,7,43,3797
2,3,7,43,3793
2,3,7,43,3779
2,3,7,43,3769
2,3,7,43,3767
2,3,7,43,3761
2,3,7,43,3739
2,3,7,43,3733
2,3,7,43,3727
2,3,7,43,3719
2,3,7,43,3709
2,3,7,43,3701
2,3,7,43,3697
2,3,7,43,3691
2,3,7,43,3677
2,3,7,43,3673
2,3,7,43,3671
2,3,7,43,3659
2,3,7,43,3643
2,3,7,43,3637
2,3,7,43,3631
2,3,7,43,3623
2,3,7,43,3617
2,3,7,43,3613
2,3,7,43,3607
2,3,7,43,3593
2,3,7,43,3583
2,3,7,43,3581
2,3,7,43,3571
2,3,7,43,3559
2,3,7,43,3557
2,3,7,43,3547
2,3,7,43,3541
2,3,7,43,3539
2,3,7,43,3533
2,3,7,43,3529
2,3,7,43,3527
2,3,7,43,3517
2,3,7,43,3511
2,3,7,43,3499
2,3,7,43,3491
2,3,7,43,3469
2,3,7,43,3467
2,3,7,43,3463
2,3,7,43,3461
2,3,7,43,3457
2,3,7,43,3449
2,3,7,43,3433
2,3,7,43,3413
2,3,7,43,3407
2,3,7,43,3391
2,3,7,43,3389
2,3,7,43,3373
2,3,7,43,3371
2,3,7,43,3361
2,3,7,43,3359
2,3,7,43,3347
2,3,7,43,3343
2,3,7,43,3331
2,3,7,43,3329
2,3,7,43,3323
2,3,7,43,3319
2,3,7,43,3313
2,3,7,43,3307
2,3,7,43,3301
2,3,7,43,3299
2,3,7,43,3271
2,3,7,43,3259
2,3,7,43,3257
2,3,7,43,3253
2,3,7,43,3251
2,3,7,43,3229
2,3,7,43,3221
2,3,7,43,3217
2,3,7,43,3209
2,3,7,43,3203
2,3,7,43,3191
2,3,7,43,3187
2,3,7,43,3181
2,3,7,43,3169
2,3,7,43,3167
2,3,7,43,3163
2,3,7,43,3137
2,3,7,43,3121
2,3,7,43,3119
2,3,7,43,3109
2,3,7,43,3089
2,3,7,43,3083
2,3,7,43,3079
2,3,7,43,3067
2,3,7,43,3061
2,3,7,43,3049
2,3,7,43,3041
2,3,7,43,3037
2,3,7,43,3023
2,3,7,43,3019
2,3,7,43,3011
2,3,7,43,3001
2,3,7,43,2999
2,3,7,43,2971
2,3,7,43,2969
2,3,7,43,2963
2,3,7,43,2957
2,3,7,43,2953
2,3,7,43,2939
2,3,7,43,2927
2,3,7,43,2917
2,3,7,43,2909
2,3,7,43,2903
2,3,7,43,2897
2,3,7,43,2887
2,3,7,43,2879
2,3,7,43,2861
2,3,7,43,2857
2,3,7,43,2851
2,3,7,43,2843
2,3,7,43,2837
2,3,7,43,2833
2,3,7,43,2819
2,3,7,43,2803
2,3,7,43,2801
2,3,7,43,2797
2,3,7,43,2791
2,3,7,43,2789
2,3,7,43,2777
2,3,7,43,2767
2,3,7,43,2753
2,3,7,43,2749
2,3,7,43,2741
2,3,7,43,2731
2,3,7,43,2729
2,3,7,43,2719
2,3,7,43,2713
2,3,7,43,2711
2,3,7,43,2707
2,3,7,43,2699
2,3,7,43,2693
2,3,7,43,2689
2,3,7,43,2687
2,3,7,43,2683
2,3,7,43,2677
2,3,7,43,2671
2,3,7,43,2663
2,3,7,43,2659
2,3,7,43,2657
2,3,7,43,2647
2,3,7,43,2633
2,3,7,43,2621
2,3,7,43,2617
2,3,7,43,2609
2,3,7,43,2593
2,3,7,43,2591
2,3,7,43,2579
2,3,7,43,2557
2,3,7,43,2551
2,3,7,43,2549
2,3,7,43,2543
2,3,7,43,2539
2,3,7,43,2531
2,3,7,43,2521
2,3,7,43,2503
2,3,7,43,2477
2,3,7,43,2473
2,3,7,43,2467
2,3,7,43,2459
2,3,7,43,2447
2,3,7,43,2441
2,3,7,43,2437
2,3,7,43,2423
2,3,7,43,2417
2,3,7,43,2411
2,3,7,43,2399
2,3,7,43,2393
2,3,7,43,2389
2,3,7,43,2383
2,3,7,43,2381
2,3,7,43,2377
2,3,7,43,2371
2,3,7,43,2357
2,3,7,43,2351
2,3,7,43,2347
2,3,7,43,2341
2,3,7,43,2339
2,3,7,43,2333
2,3,7,43,2311
2,3,7,43,2309
2,3,7,43,2297
2,3,7,43,2293
2,3,7,43,2287
2,3,7,43,2281
2,3,7,43,2273
2,3,7,43,2269
2,3,7,43,2267
2,3,7,43,2251
2,3,7,43,2243
2,3,7,43,2239
2,3,7,43,2237
2,3,7,43,2221
2,3,7,43,2213
2,3,7,43,2207
2,3,7,43,2203
2,3,7,43,2179
2,3,7,43,2161
2,3,7,43,2153
2,3,7,43,2143
2,3,7,43,2141
2,3,7,43,2137
2,3,7,43,2131
2,3,7,43,2129
2,3,7,43,2113
2,3,7,43,2111
2,3,7,43,2099
2,3,7,43,2089
2,3,7,43,2087
2,3,7,43,2083
2,3,7,43,2081
2,3,7,43,2069
2,3,7,43,2063
2,3,7,43,2053
2,3,7,43,2039
2,3,7,43,2029
2,3,7,43,2027
2,3,7,43,2017
2,3,7,43,2011
2,3,7,43,2003
2,3,7,43,1999
2,3,7,43,1997
2,3,7,43,1993
2,3,7,43,1987
2,3,7,43,1979
2,3,7,43,1973
2,3,7,43,1951
2,3,7,43,1949
2,3,7,43,1933
2,3,7,43,1931
2,3,7,43,1913
2,3,7,43,1907
2,3,7,43,1901
2,3,7,43,1889
2,3,7,43,1879
2,3,7,43,1877
2,3,7,43,1873
2,3,7,43,1871
2,3,7,43,1867
2,3,7,43,1861
2,3,7,43,1847
2,3,7,43,1831
2,3,7,43,1823
2,3,7,43,1811